3
7
14
1766
275
628
25
37
1203
1172
46
1592
82
141
2552
144
103
107
110
124
138
2390
4989
2391
1690
516
13329
176
182
189
192
203
212
229
536
134
785
249
251
253
52
117
55
310
1947
152
737
91
1794
1267
349
351
359
363
365
367
373
385
392
404
2375
518
429
434
123
951
284
447
449
452
453
286
287
5215
462
415
470
473
554
548
547
490
494
498
505
506
530
3503
544
566
573
572
574
1026
9346
7095
578
589
624
328
645
1684
2498
557
663
673
694
695
704
716
720
727
729
730
732
733
747
757
8451
4519
3125
765
775
804
511
854
858
860
865
868
870
871
879
887
892
905
910
914
919
922
929
933
947
952
961
963
965
969
974
979
985
3697
6726
7811
916
918
1612
1016
1055
1057
4182
1058
1034
1067
1069
1072
1076
1078
3073
3893
1852
1083
1084
2832
1090
1105
1107
1113
1120
681
1006
1008
1125
1127
1129
1131
2051
10853
1128
1136
6272
6766
7056
1140
1150
6317
1171
1181
1184
1185
1188
1195
1201
1202
4825
111
884
1206
1215
1217
912
1227
1228
1236
1248
1252
1253
1256
1259
1270
1274
1280
1282
1289
1295
67
877
654
1316
1322
4615
2043
2045
8807
14491
7277
1350
1358
1365
1368
1372
1382
1383
42
438
315
1416
1424
12501
13877
1428
1431
1433
1440
1448
1458
1462
201
132
662
1469
1475
4042
44
89
1487
1498
1500
1502
4548
6639
6642
6516
1519
1528
1532
1534
1539
1554
1560
1562
1565
1578
1582
1587
1596
1606
1609
1615
1637
1641
5336
5462
1643
5207
8616
1644
1652
1655
6574
945
1659
2315
5923
8865
1670
1675
1679
1681
1682
1687
394
8622
6363
1694
1702
1704
1705
1714
1719
1723
1734
5371
8148
10063
1745
1750
49
613
818
1753
1754
1761
1762
1764
1781
1786
1788
1790
1798
1801
1806
3828
4492
4496
1823
1835
1837
1840
1849
1851
1859
1862
1873
1877
1893
1896
1902
1907
1908
1915
1921
1924
1925
1928
1079
1931
2365
1936
1937
1938
1941
1966
4306
2847
4308
1973
1976
1986
1984
1996
1997
2015
2017
2022
2029
550
2032
1822
2074
2085
2088
2094
2099
2101
2103
4986
2108
2117
2121
2128
5248
5249
2135
2139
2152
2156
3009
2164
2167
2169
2175
2180
2181
2190
2193
2195
2196
1982
508
1515
960
237
4049
2740
2201
2205
2208
1373
2218
2221
2222
2233
2249
2250
413
211
766
2258
2261
2263
2271
368
1313
1569
2297
2304
2307
2308
2314
2320
2330
2336
2338
2341
2354
2357
2360
4303
11361
725
2377
2392
2394
9
10
635
2400
2402
2406
2419
2425
2428
3513
2442
2444
2447
2451
2455
2144
10576
6067
2465
2467
2472
2477
2479
2481
2482
3161
8992
2487
2509
2000
2524
2535
2547
8779
6497
10426
2560
2464
2463
3979
2571
2575
2577
2582
2584
2588
2593
2595
2598
771
1308
1309
2606
2610
2613
2629
2633
2650
2652
1225
2661
2670
2672
2686
2688
2695
2696
2701
2703
2714
2715
2717
2725
2735
520
7759
5107
2741
2751
2756
2769
2772
2776
2779
2789
2795
2799
2809
2811
2813
2814
93
460
2422
2819
2823
2824
2836
2848
2850
2853
2856
2863
2865
2867
2870
2876
2890
2894
2897
2901
2903
9423
2918
2926
2931
2943
2945
6354
1261
5255
2948
1402
1030
937
2952
2953
2959
2966
2968
2971
2974
1611
3345
1610
2994
3005
3008
3014
3020
3021
3024
3032
3047
3049
1988
4281
1989
3055
3057
3063
3069
3077
3084
3086
3097
3100
10440
10441
3115
3118
3126
3130
1622
3144
3147
3150
1889
1888
1887
3166
3167
3171
3172
3178
3183
3185
3191
3201
3202
1529
1656
227
3206
3214
3218
3219
3221
2226
3228
3229
3245
3252
3275
3282
3285
3289
755
1691
1198
3302
3303
3305
3312
3314
3317
3319
3336
3342
3346
3357
3372
3389
3395
3396
3399
3401
3402
3067
3411
3414
3433
3435
3444
4925
5937
7028
3454
3457
3459
3465
3467
3469
3473
3477
3485
3486
1477
890
3515
3521
3523
221
397
1222
3081
3529
8261
3537
3540
2485
3550
3561
3566
3570
8331
4084
4631
3590
3593
3595
3600
3602
3617
3623
3625
3630
3631
3636
3638
3640
3649
3663
3664
2124
1284
6453
691
2542
2608
3669
2507
2502
11120
3679
3682
990
3030
3437
3688
2797
7208
5212
3692
3699
3706
3711
3713
3716
3718
3724
3727
3729
3731
3734
3735
3738
3740
3742
1075
7370
7369
3746
3748
2541
3758
3762
3765
1886
3770
3772
3774
3783
3791
2920
3799
3800
3803
3807
3808
3809
2134
9680
5594
3821
3823
3825
3832
3834
3840
3843
3844
3858
3866
3869
3880
3881
3884
3886
3891
2640
3895
3898
3917
3919
3925
3926
3931
3937
3938
3952
3960
3963
3972
3973
3980
4375
3981
4376
5732
3986
5731
7834
5023
4841
3994
3996
4006
4009
4011
4012
1975
2004
6319
1476
3405
3404
4022
1521
1466
5451
4025
4032
22
1435
8513
1388
4043
4044
1392
437
163
4051
4054
308
307
306
4064
4069
4073
4075
1804
4079
4081
4082
4098
4100
5637
4105
4107
4112
4114
4119
4122
4133
4138
4139
2284
4267
1676
4155
4161
4162
4167
4170
4171
4185
4188
4191
4193
4197
4201
4203
4212
4213
4216
4218
4222
4226
4229
2788
10043
4234
4238
4239
4241
4245
11253
10300
4255
2616
543
6668
4268
4271
4273
4288
4290
2385
4296
4298
4305
4313
4318
4322
4324
4326
4340
4346
4352
2039
4204
2754
4360
4365
4374
4379
4381
4390
4397
4400
4401
4403
4414
4417
4432
1444
3609
3608
2954
4442
4443
1095
3790
8373
4453
886
4586
4587
4457
2742
4462
4463
4466
4468
4476
4479
4480
2140
6163
3105
4505
4510
4522
4525
4532
4534
4536
4539
4542
1070
4553
4559
4566
1036
1037
2726
4575
4584
2302
2416
2415
4589
4594
4598
4601
2681
2683
683
4622
4627
5964
4633
4634
4527
4645
4652
4974
4660
4667
4669
4672
705
4678
4683
4689
4696
4699
4708
4711
4719
11804
4725
4729
4732
4738
4748
4749
4758
4759
4764
4767
4771
4780
4715
4714
4781
4788
4790
4793
4797
186
4808
4813
4815
4817
345
5796
9724
4021
4836
3329
4847
4850
4856
4867
949
2186
12353
9844
4888
4889
4892
4896
4900
4906
4909
4911
193
194
1522
4916
4918
4920
3071
6125
4922
4927
4935
4937
4938
4940
4941
4947
4408
4118
4960
4962
4964
4967
4968
4978
4981
4990
560
3400
3430
4994
4997
4174
5004
5006
5010
5015
5025
5028
5030
1621
1620
7635
5037
5039
5043
5045
5047
5049
5055
5060
5064
3753
5072
5075
5084
5088
5089
5090
5097
5104
5109
5111
1492
5116
5121
5124
5126
5130
5131
5139
902
5147
5158
4087
5171
5175
5177
5972
4523
5180
5182
5185
5194
5196
5199
5201
5206
5217
5221
5226
5228
5234
5238
5243
5244
5251
5252
7792
5258
5261
5264
2232
2228
5267
5278
5280
5291
5292
5294
5302
848
685
2679
5305
3855
5318
5321
5325
5326
5329
5331
2062
2122
2317
5339
5341
5350
5351
5353
5356
5363
268
267
11139
5374
2255
5378
5382
5383
5388
5392
5393
5408
5409
5424
1003
2148
3580
5427
5433
5435
5439
5444
5445
5447
6869
7754
5452
5460
3877
5469
5470
5476
5477
5811
3267
2730
5551
5489
5491
5493
5403
5500
5508
5517
5522
5523
5527
4861
4860
6193
5535
5537
5539
5545
5548
2382
5552
231
600
1147
5558
5559
5567
5569
5571
5575
5576
5580
5583
5588
5591
5605
2767
5617
671
5621
5626
5632
5533
5644
5648
5650
5656
5657
5660
5661
5669
5671
12120
4581
5678
5686
5692
4344
5707
5709
5714
5719
5727
5735
5739
5742
5744
5752
5759
4641
4640
4755
5771
5776
5779
5784
5785
5786
5787
5803
5815
5817
5819
5820
5822
2332
5829
2334
5836
5842
5849
5857
5765
2289
5870
5871
5875
5877
6483
6484
6482
5887
5889
5891
1097
5900
5905
5916
10773
5919
5920
5924
5931
5933
3091
5944
5948
5953
5970
5974
4096
5978
5982
794
1160
5996
5999
5345
3655
6013
2379
6031
6034
6036
6037
6039
3096
2880
2456
6041
6930
6049
6056
6061
6077
6079
4820
4287
6089
216
934
1586
6100
6104
6110
5342
6128
6141
4354
4356
4600
6153
6161
843
3360
845
1817
6177
6184
714
6201
6203
1856
8260
5790
6213
3262
6224
6227
5081
1457
1456
6232
6237
6241
6246
6251
13597
13598
6252
6256
6258
6264
6278
6281
6292
5052
6295
6297
6304
6309
6311
6315
6318
6320
6321
6324
3928
6332
6340
4132
6349
6351
6355
6361
6379
6381
6383
6385
6386
6389
3990
6396
6399
5035
4626
9040
6419
4636
4637
6772
6422
6424
6426
6428
6434
6437
137
734
957
6442
2520
6447
6452
6454
6459
6462
6466
6467
6473
5793
1403
6486
6489
6491
3061
6500
1321
2559
4484
6504
6505
6507
6509
6512
6513
13895
13894
6518
6520
6524
6526
6530
6532
6534
6536
6538
6544
1104
423
1103
6554
6556
6567
3250
6571
6578
6582
6583
1844
2625
6365
6591
6594
6598
6601
3350
6609
6613
6616
6640
6643
6645
6647
6652
6654
6657
6661
742
1958
2118
6665
2437
2440
2438
6035
6677
6679
1666
1667
2936
6701
6704
6708
6717
6733
6737
6741
6743
6744
6760
6770
6776
6782
6783
1258
982
11121
6790
6793
6795
6805
6812
6814
6816
2562
12024
12847
12839
6824
6826
6830
6832
6846
6848
6851
6854
6861
6863
6868
6871
4871
6879
6888
6894
6901
6907
6915
6916
6927
6932
6934
6937
6940
8818
6952
6959
6964
6966
6971
6974
6977
6979
6984
6987
6989
6993
6996
5663
7011
7013
7015
7017
7018
7019
7029
7031
7033
7037
7038
3109
7047
7051
7061
7066
7067
7072
1042
7081
7091
7114
7119
7122
7124
7128
7132
6158
6159
9685
7152
7161
7175
7178
7180
7182
7199
7205
4052
7211
7223
7230
7233
7243
7247
7250
7256
4482
7280
7287
7294
7303
7306
7310
7311
7313
4411
4409
6191
7319
7321
7324
7328
7329
7330
7331
101
169
1955
7337
7339
7340
7354
7358
7364
598
4801
660
4194
7373
7376
7381
7383
7385
7396
7398
4500
7264
7402
5288
4609
4607
7413
7416
7420
7422
5191
7431
7448
7450
13
512
4
7455
7071
11621
11624
3174
3175
6880
7462
1668
7469
7471
7473
7475
7479
7481
3146
7490
7497
7500
7505
7507
7509
7513
2987
3978
6729
7517
7522
7525
7528
7530
2460
7536
7539
7543
7550
5966
7558
7560
7566
7569
6226
3053
7232
7575
7487
7585
7587
7596
7600
7603
7605
7608
7610
1711
7616
7619
7624
7627
7630
7634
7637
7641
7643
7645
7651
7657
7658
7661
7666
7672
7679
5893
3321
5118
38
4427
39
7686
7687
7689
7691
7693
7697
7704
7707
7708
2676
3241
5429
11307
11306
7736
7738
7740
7742
7745
7751
458
106
210
7758
7763
7769
7775
2247
4899
7788
9082
973
12457
7601
7804
7807
7816
7818
7823
7825
7148
7827
1816
9773
9772
9776
5432
7868
7873
7875
7878
7880
7884
7889
7891
7894
7903
7906
7911
7915
7917
7919
7921
7928
7932
2627
11025
4716
7935
11090
2091
11093
1190
7940
7943
7944
7945
7947
7960
7965
7973
7026
12705
7983
7057
6636
7998
8003
8005
8010
8012
8013
8018
8021
8022
361
5232
339
8032
8034
8038
8041
8044
8047
8051
8057
8060
8065
1707
3235
8083
5750
4093
8095
8096
8098
8100
8103
8106
8114
8121
1489
2645
1479
8124
8135
8140
8141
8143
8152
360
2120
266
8157
8162
8163
8166
8169
8172
8176
8179
5021
5417
5413
8188
8190
8191
8201
8203
8212
8214
8219
8220
8227
8234
7427
8243
8247
8251
2083
8265
4666
8883
8266
3269
8272
8276
605
11977
2928
3527
8291
8295
8299
8300
8307
8311
8317
7984
8333
8089
8338
8347
8349
8348
8351
9053
8359
8361
8363
8366
8372
8376
8382
8389
6003
140
139
8403
8406
8412
8416
8419
8423
8425
8437
8442
8444
10129
6624
10128
8446
8449
8454
1828
851
4855
8459
8469
8472
8478
8482
8484
8493
8503
2698
8515
8516
2649
8526
8533
8534
8538
8540
8542
8551
8557
8560
2907
2917
1336
8565
8572
8577
8579
8584
8586
8588
8592
8598
8601
8605
8610
615
8617
8621
8624
7094
8633
8638
8645
8646
8650
4778
5074
4776
8654
8660
8662
8667
5598
8679
12603
8682
8681
10862
1344
7167
1346
8696
8703
8706
8709
8711
8714
8716
8583
8468
8722
8735
8738
8754
4176
8759
8765
1741
2363
1699
4028
8775
8783
7700
8786
5151
8790
8795
8799
5601
5600
5602
8809
8812
8824
8826
8830
8834
8840
8844
8847
4826
3426
3398
8860
8866
8867
8869
8871
8872
5698
8878
8874
8896
4477
8902
8906
8909
8914
8922
8924
8926
8934
8936
8941
8947
8949
8953
8956
8965
8967
8971
8975
8983
8985
3685
8988
6710
8989
8996
5563
8999
3684
6682
2251
9006
259
722
232
9015
9017
9019
9024
9025
9027
9029
9032
9042
9045
9054
9056
9060
9064
9070
9075
9076
9077
376
1638
8025
9081
4659
6687
9088
9093
9095
9096
9101
9103
9104
9107
9109
9110
9112
9114
9123
8676
15176
9125
9127
9130
9135
9141
7540
9151
4516
9159
9161
9164
9165
9167
9169
9171
9174
9176
9178
9184
9191
9203
639
640
1450
9216
9219
9228
9230
6122
9236
9238
9244
9247
9250
9254
9261
9285
9270
9284
9782
8206
7045
9294
9295
9301
9303
9312
9181
9319
9183
9321
7318
6874
6431
9324
9327
837
9339
9340
9342
9354
9355
9357
9362
9364
9369
9374
9375
9383
9384
9387
9393
9407
9409
9411
7284
7283
10489
9417
6275
9426
9429
9440
9446
2792
3382
9458
7926
9464
9466
9473
9475
9471
13100
9485
9486
7770
9490
9493
9497
9503
9510
1340
3131
6073
9517
9520
9522
9527
9529
9533
9536
9538
9545
7189
9547
9553
2604
2603
4474
9562
9565
9567
9570
9580
7388
9608
3121
4225
9610
9613
9617
9620
9622
9627
9629
9630
9638
9647
9649
9656
9662
9665
9688
9691
9692
9309
9697
9700
9703
8001
9706
9707
568
9722
9727
8133
9739
240
461
11893
9752
9756
9758
8743
9760
11764
9763
9766
9783
2476
9795
9798
9800
9801
9806
9808
9810
9814
9816
9818
9823
9826
9831
9833
9837
9749
9850
9855
9862
563
146
125
9868
9874
9884
3449
9891
9894
9896
9901
1116
3355
7392
9903
9905
9906
9913
1348
9924
8828
9927
9929
9931
9935
9820
9939
9944
5768
9949
9951
9953
9956
80
513
119
9968
9841
9974
326
324
3211
9982
10000
10010
10014
9256
10020
10026
10040
10045
10047
10049
10052
7897
10059
10067
427
1945
2115
10074
10075
10082
10084
10089
10096
10117
10118
10125
10133
10139
10140
10142
10145
10151
10158
10160
10164
10170
10175
10178
4059
10185
10193
10203
10204
10208
10211
10218
6375
1414
1811
9036
8912
10232
1329
10236
10238
10242
7296
1430
14818
10245
8951
14243
10251
10253
10256
4000
10264
10266
10268
10270
9442
7898
10286
7489
10290
10294
10295
10306
7201
10310
10325
6371
10338
1608
10345
1511
10352
7160
3848
5630
10361
10363
10367
10373
10374
8343
10379
10384
9761
10401
10403
10404
10409
10410
10412
10416
10419
10420
10428
10431
10434
10442
10454
8794
10465
10466
10475
10477
10480
10485
10490
10493
10496
10499
10502
9451
10506
10509
10514
10516
10517
10525
10527
10529
10542
10545
10553
10559
9732
10579
10583
10585
10592
10594
6637
10599
10601
10608
10610
10613
10624
5542
10630
10636
10642
10646
8385
10655
10664
10668
10674
10677
1507
1328
4610
9035
10698
10703
10708
10710
10714
10717
10719
10721
10724
10728
10730
10734
10736
10738
10743
10767
10770
10775
10777
10778
10780
10793
10797
10806
10811
11419
9995
11406
10824
10826
10831
10835
10837
10839
10847
7843
10863
10864
10872
10879
10881
10885
10887
10892
7564
7562
11587
10896
7195
5541
222
136
10902
10906
10912
10916
10920
10921
10923
10924
10925
10927
10929
10931
10935
10936
10939
10949
10951
8323
10955
2154
1239
8690
10960
10964
10968
10969
10971
11080
11208
12933
10975
10977
10979
10982
10983
10986
10988
8839
8729
4650
10997
11000
11002
11006
11008
11011
11016
11229
11031
11032
11036
4331
9955
10747
11047
11048
11050
10754
11066
11068
11073
10156
10154
9812
11076
11081
11083
7089
11106
11108
11112
11113
11118
11124
11125
11132
11134
11137
11138
12828
11147
510
11154
11156
11158
11161
11162
11163
11169
11171
11173
11176
7832
1903
11193
11194
11197
11200
11205
11210
11214
11216
11218
11220
11232
11235
11236
11242
11248
7102
7100
4026
11267
11271
11275
10947
4370
11283
11284
11285
11287
11291
11292
11294
11299
11302
11304
9044
862
10143
11315
11317
11331
11348
11356
1153
11363
11365
11367
11369
11371
11373
11374
11376
11377
11378
11380
3948
4984
2368
11392
11393
9770
11452
11455
11457
11460
11469
11472
11474
11476
11480
8232
11486
11488
11490
8488
11493
11495
11496
11500
11512
11514
11517
11520
2647
11538
11542
11549
11556
7865
9908
11560
11568
11574
11576
11468
11581
11582
11591
11592
11596
11602
8395
11610
11642
11646
11650
11654
11656
11657
11662
11670
11671
11675
11679
11681
11685
11691
11697
11698
11701
11704
11708
11710
11715
11716
10365
11723
9434
10727
11727
11735
11739
11742
11743
11750
11751
11753
5093
11761
11762
11770
11775
11779
11783
11784
11786
11789
11790
11793
11799
5713
5712
5711
11807
11809
11813
11816
11819
11822
11825
11832
13635
13636
14009
11840
11842
11844
11851
11853
11856
11865
11868
11871
11874
11877
11880
11883
11888
11394
11895
11901
11904
11906
11907
10573
11919
11922
11924
11930
11932
11938
11940
11947
11951
11358
11959
11960
11961
11972
1600
243
390
11976
1047
1046
1048
81
2
100
11983
11989
11990
11992
11993
1944
3493
5565
11996
495
496
1020
12005
12007
12008
11633
12016
12026
12032
12036
12039
4511
12045
12046
9158
6843
6844
12059
12061
12063
12065
12074
8725
4549
11159
11160
1737
12081
7677
12087
12096
12101
12104
12107
6094
1100
12111
12115
12124
12125
3423
3420
3422
12127
12131
12133
6058
9679
9678
996
12140
12142
12145
12148
12153
12157
12159
12162
7059
12176
12182
12189
9438
12192
12195
8229
8833
8228
12202
12204
12206
6289
6286
6285
12213
12222
6913
9582
12231
12232
12233
12239
12245
12249
12250
12256
12258
9587
12270
12147
12280
1918
12284
12286
12290
7414
12294
12296
12301
12304
12309
12310
12313
12320
12326
12328
12330
12332
12337
12338
12345
12348
12350
12355
12356
12358
12364
12366
12371
12373
12378
12379
12382
12387
12389
12390
12391
12393
12394
12396
5852
12403
12406
12410
12412
12414
12418
12421
12423
12428
4709
12430
12431
12432
12439
4980
3280
4979
12443
10810
12452
12461
12462
1453
12465
12473
12475
12481
12483
12485
12487
12488
12493
2580
5848
12507
12509
12515
12516
12520
12523
8685
2056
5856
12528
12531
12536
12540
12546
12551
12553
12554
12558
11055
12562
12563
12567
12568
12570
12573
12575
12578
12580
12581
200
1485
1990
12583
12586
12375
9887
12600
7255
7253
7254
2993
3827
1327
12608
9597
12617
12618
10597
12621
12623
12624
12628
12632
12637
11585
12641
12643
12645
12647
12650
12654
12657
12658
12659
12670
12672
12673
12675
12676
12677
12678
12679
12681
12683
12685
12688
12689
12690
6585
12698
12699
12702
4211
12030
12720
12725
12728
3863
12732
12734
12736
12738
12741
12743
12745
9524
12748
12750
12752
12758
12763
12766
12771
12777
12780
1590
1588
2550
12786
4266
12794
12796
12800
12802
2722
1951
2492
12816
12825
12826
12829
12832
12836
5497
5496
5135
12842
7023
2874
5277
12845
12851
12856
12858
12863
12865
12868
12873
12875
924
12888
12890
12892
12894
12900
7299
12904
12907
11839
12914
12916
12920
12925
10605
12928
12936
11337
12941
12951
8845
12955
9010
12964
10303
12972
12974
12976
12977
12979
12986
12989
12991
12994
12996
12997
10105
10103
14346
11407
10813
10814
13003
13005
13010
13012
13014
13020
13023
13025
13030
13032
13034
13041
13046
13048
13051
13057
8475
13061
13063
13065
13067
13069
10617
13083
13085
13092
13093
13094
13099
13104
13105
13106
13107
13110
12790
1891
607
1956
13118
13123
13133
13135
13137
13139
13149
13154
13158
13163
13165
13167
13170
13172
8458
11327
3916
3954
1390
13183
13187
13189
12237
13192
13194
13196
13199
13200
13203
13205
3534
532
534
13215
13218
13219
1970
402
4447
13227
13234
13236
13242
13256
13255
13265
13272
13273
13275
13277
8683
928
4090
8452
13284
13287
10274
13292
13294
13296
13299
13301
13304
13311
13314
13316
13320
13321
13322
13332
13336
13339
13342
13344
2842
2020
2012
13346
13350
13355
13356
13359
13361
13365
12028
13370
13372
13386
12896
13392
13393
12180
2346
13282
13402
13404
13408
13409
13411
13414
13417
13421
13422
13423
13425
13427
13430
13431
13436
13442
13444
13445
13449
13454
13455
13458
13460
13462
13466
13467
13471
13473
13477
13483
13488
13492
1618
3463
6266
13497
13501
13504
8225
13510
13513
13515
13519
13521
13524
11849
13528
13531
13536
13537
13539
13541
8510
13555
13557
13562
13565
13566
13567
13575
13577
13581
13585
11659
13592
13602
13608
13610
13613
13617
13622
13623
2781
13630
13642
13644
13646
13652
13654
8239
13660
13664
10991
13672
13676
13683
13684
13687
13696
13698
13700
13701
13702
13704
13706
13708
13710
13718
13725
13729
13733
13736
13738
13742
13745
13747
13751
13755
13762
13286
11567
13769
13650
1352
2581
1354
13773
13775
13399
13780
13784
13787
13791
12556
13804
13806
13810
12102
3192
13820
13825
13827
13829
13834
13836
13838
12784
13846
11748
13849
13865
13873
13879
13881
13886
7855
3598
7850
13888
13892
9432
13897
13900
13902
13904
13907
13909
13911
11860
11859
8490
13915
13916
13921
13928
1293
10085
11241
13579
13935
3871
3873
3875
13938
13941
13944
13946
13949
13950
13951
13956
13957
13959
13963
10213
13970
13973
13984
13994
13996
14002
14003
14005
14006
14014
14015
14017
14023
14026
14029
14031
14034
11324
14040
14042
14045
14048
14056
7090
14065
14067
14069
14074
14075
14077
14080
14084
14085
14088
1598
14092
14100
14103
14107
14110
14115
14118
14119
6175
2784
9909
14128
14130
11322
14136
14139
11734
14142
14145
14157
14160
8130
14162
10086
14168
12242
11652
14676
11039
14175
14176
14179
6245
14182
10667
14188
13918
14196
14197
14200
14202
14209
14222
10845
14228
14232
14237
6414
14247
14249
14251
11329
14259
14265
14267
8595
14272
14275
11781
14281
13224
14288
14291
4712
14300
13545
14315
14316
14319
14322
14326
9957
9212
14334
14337
14339
1693
1045
10320
14347
11436
10335
14353
14358
14359
14362
14364
14372
14374
14375
14377
14379
14381
9611
14389
14392
14398
14400
14405
14408
1858
14414
14417
14422
14431
14435
14442
5483
14444
14445
14448
14449
14453
14456
14461
14467
14469
8195
5833
14482
14483
14490
7300
4399
4753
14501
12513
14504
14507
14509
14511
8929
14515
14517
14519
14523
11937
14526
14529
14533
14538
14540
1395
14555
1571
72
8380
14557
14558
14561
14562
14564
14565
13312
14568
14569
14570
14573
14578
14579
14582
14591
14593
4489
14596
14605
5629
14611
13153
14617
8707
14621
14626
14628
14630
14634
14635
14637
14638
14639
14640
14644
14647
8258
14649
14650
14655
14662
14664
14667
14668
14671
14686
14690
14693
14699
14702
14706
14710
9404
10013
5146
14717
14721
14725
14727
11730
14732
14736
12943
14742
14749
1550
7765
18
14753
14755
14757
14758
14760
14761
14763
4907
13095
14771
7440
14776
14777
14779
14780
14782
14787
14792
13961
14797
13976
14800
14802
14804
9259
7144
12034
11564
14822
14825
14829
8961
14832
14834
11719
9943
14842
14844
14845
14847
14848
14855
14857
8521
4280
6117
14860
14862
14863
1032
14877
14880
14882
14884
14888
14892
14900
14902
13358
14907
14909
10823
3332
14485
14917
14919
14921
14923
10038
14929
14932
14934
14938
14941
14944
14948
14951
9444
9307
8340
8342
14956
14958
14961
14963
14965
9542
14968
14970
2104
11052
8647
14071
5570
880
7773
6480
14984
14985
14989
14992
1189
3310
1213
14995
14996
14998
14999
15000
357
15006
15007
15010
15012
14973
15015
10815
15028
10106
10107
12471
4200
15032
15035
15039
15044
15047
15051
15053
12276
15057
15071
15072
15077
12067
12068
10371
8462
15086
15089
15091
11942
4954
7186
15099
15102
2194
15105
15106
15107
15108
14897
15114
15117
1148
15121
15125
15126
15129
15130
15133
15134
15135
7939
11867
8501
15142
15143
15144
15145
15146
15149
15151
15152
15156
15158
15161
15164
15166
15168
15169
3462
7268
7269
7140
15183
15184
4501
7146
10123
3108
15193
15195
7729
15204
15208
15210
7548
15215
15217
15219
15222
15226
15233
